SER
1
9
2
N   CA  CB  OG      
CA  CB  OG  HG   
  48.0  -60.0
  48.0  180.0
  48.0   60.0
 -69.7  -60.0
 -69.7  180.0
 -69.7   60.0
-176.1  -60.0
-176.1  180.0
-176.1   60.0

ILE
1
5
2
N   CA  CB  CG1
CA  CB  CG1 CD1
 -60.9  168.7
 -59.6  -64.1
  61.7  163.8
-166.6  166.0
-174.8   72.1

ACE
1
0
0

HNE
1
0
0

ALA
1
0
0

GLY
1
0
0

CYX
1
0
0

NME
1
0
0

VAL
1
3
1
N   CA  CB  CG1
 173.5
 -63.4
  69.3

LEU
1
4
2
N   CA  CB  CG
CA  CB  CG  CD1
 -64.9  176.0
-176.4   63.1
-165.3  168.2
  44.3   60.4

THR
1
9
2
N   CA  CB  OG1
CA  CB  OG1 HG
  62.7  -60.0
  62.7  180.0
  62.7   60.0
 -59.7  -60.0
 -59.7  180.0
 -59.7   60.0
-169.5  -60.0
-169.5  180.0
-169.5   60.0

CYS
1
9
2
N   CA  CB  SG
CA  CB  SG  HG
 -65.2  -60.0
 -65.2  180.0
 -65.2   60.0
-179.6  -60.0
-179.6  180.0
-179.6   60.0
  63.5  -60.0
  63.5  180.0
  63.5   60.0

PRO
1
0
0

PHE
1
4
2
N   CA  CB  CG
CA  CB  CG  CD1
 -66.3   94.3
-179.2   78.9
  66.0   90.7
 -71.9   -0.4

TYR
1
8
3
N   CA  CB  CG
CA  CB  CG  CD1
CE1 CZ  OH  HH
 -66.5   96.6 0.0
 -66.5   96.6 180.0
-179.7   71.9 0.0
-179.7   71.9 180.0
  63.3   89.1 0.0
  63.3   89.1 180.0
 -67.2   -1.0 0.0
 -67.2   -1.0 180.0

TRP
1
6
2
N   CA  CB  CG
CA  CB  CG  CD1
 -70.4  100.5
  64.8  -88.9
-177.3  -95.1
-179.5   87.5
 -73.3  -87.7
  62.2  112.5

HIS
1
6
2
N   CA  CB  CG
CA  CB  CG  ND1
 -62.8  -74.3
-175.2  -87.7
 -69.8   96.1
  67.9  -80.5
-177.3  100.5
  48.0   85.9

HID
1
6
2
N   CA  CB  CG
CA  CB  CG  ND1
 -62.8  -74.3
-175.2  -87.7
 -69.8   96.1
  67.9  -80.5
-177.3  100.5
  48.0   85.9

HIE
1
6
2
N   CA  CB  CG
CA  CB  CG  ND1
 -62.8  -74.3
-175.2  -87.7
 -69.8   96.1
  67.9  -80.5
-177.3  100.5
  48.0   85.9

HIP
1
6
2
N   CA  CB  CG
CA  CB  CG  ND1
 -62.8  -74.3
-175.2  -87.7
 -69.8   96.1
  67.9  -80.5
-177.3  100.5
  48.0   85.9

ASP
1
3
2
N   CA  CB  CG
CA  CB  CG  OD1
 -68.3  -25.7
-169.1    3.9
  63.7    2.4

ASN
1
6
2
N   CA  CB  CG
CA  CB  CG  ND2
 -68.3  143.2
-177.1 -178.7
 -67.2  -51.2
  63.9  173.2
-174.9   23.2
  63.6 -126.2

GLU
1
7
3
N   CA  CB  CG
CA  CB  CG  CD
CB  CG  CD  OE1
 -69.6 -177.2  -11.4
-176.2  175.4   -6.7
 -64.6  -69.1  -33.4
 -55.6   77.0   25.3
  69.8 -179.0    6.6
-173.6   70.6   14.0
  63.0  -80.4   16.3

GLN
1
10
3
N   CA  CB  CG
CA  CB  CG  CD
CB  CG  CD  NE2
 -66.7 -178.5  180.0
 -66.7 -178.5    0.0
-174.6 -177.7  180.0
-174.6 -177.7    0.0
 -58.7  -63.8  133.7
-179.4   67.3 -153.2
  70.8 -165.6  180.0
  70.8 -165.6    0.0
 -51.3  -90.4 -157.2
 167.5   70.9 -176.3

MET
1
21
3
N   CA  CB  CG
CA  CB  CG  SD
CB  CG  SD  CE
 -64.5  -68.5  -75.6
 -78.3 -174.7   60.0
 -78.3 -174.7  180.0
 -78.3 -174.7  -60.0
 178.9  179.0   60.0
 178.9  179.0  180.0
 178.9  179.0  -60.0
 -64.5  -68.5  180.0
 -64.5   60.0   60.0
 -64.5   60.0  180.0
 178.9   60.0   60.0
 178.9   60.0  180.0
 178.9  -60.0  180.0
 178.9  -60.0  -60.0
  60.0   60.0   60.0
  60.0   60.0  180.0
  60.0  180.0   60.0
  60.0  180.0  180.0
  60.0  180.0  -60.0
  60.0  -60.0  180.0
  60.0  -60.0  -60.0

LYS
1
51
4
N   CA  CB  CG
CA  CB  CG  CD
CB  CG  CD  CE
CG  CD  CE  NZ
  58.1   74.9   60.0   60.0
  58.1   74.9   60.0  180.0
  58.1   74.9  180.0   60.0
  58.1   74.9  180.0  180.0
  58.1   74.9  180.0  -60.0
 104.0  -74.6  180.0   60.0
 104.0  -74.6  180.0  180.0
 104.0  -74.6  180.0  -60.0
 104.0  -74.6  -60.0  180.0
 104.0  -74.6  -60.0  -60.0
 -68.9 -178.4   60.0   60.0
 -68.9 -178.4   60.0  180.0
 -68.9 -178.4  180.0   60.0
 -68.9 -178.4  180.0  180.0
 -68.9 -178.4  180.0  -60.0
 -68.9 -178.4  -60.0  180.0
 -68.9 -178.4  -60.0  -60.0
-172.1  175.3   60.0   60.0
-172.1  175.3   60.0  180.0
-172.1  175.3  180.0   60.0
-172.1  175.3  180.0  180.0
-172.1  175.3  180.0  -60.0
-172.1  175.3  -60.0  180.0
-172.1  175.3  -60.0  -60.0
 -58.1  -74.9  180.0   60.0
 -58.1  -74.9  180.0  180.0
 -58.1  -74.9  180.0  -60.0
 -58.1  -74.9  -60.0  180.0
 -58.1  -74.9  -60.0  -60.0
 173.4   83.4   60.0   60.0
 173.4   83.4   60.0  180.0
 173.4   83.4  180.0   60.0
 173.4   83.4  180.0  180.0
 173.4   83.4  180.0  -60.0
  71.5 -174.3   60.0   60.0
  71.5 -174.3   60.0  180.0
  71.5 -174.3  180.0   60.0
  71.5 -174.3  180.0  180.0
  71.5 -174.3  180.0  -60.0
  71.5 -174.3  -60.0  180.0
  71.5 -174.3  -60.0  -60.0
-175.8  -63.9  180.0   60.0
-175.8  -63.9  180.0  180.0
-175.8  -63.9  180.0  -60.0
-175.8  -63.9  -60.0  180.0
-175.8  -63.9  -60.0  -60.0
 104.0   74.6   60.0   60.0
 104.0   74.6   60.0  180.0
 104.0   74.6  180.0   60.0
 104.0   74.6  180.0  180.0
 104.0   74.6  180.0  -60.0

ARG
1
55
4
N   CA  CB  CG
CA  CB  CG  CD
CB  CG  CD  NE
CG  CD  NE  CZ
  76.9  -54.2  180.0   60.0
  76.9  -54.2  180.0  180.0
  76.9  -54.2  180.0  -60.0
  76.9  -54.2  -60.0  180.0
  76.9  -54.2  -60.0  -60.0
-178.2  -69.5  180.0   60.0
-178.2  -69.5  180.0  180.0
-178.2  -69.5  180.0  -60.0
-178.2  -69.5  -60.0  180.0
-178.2  -69.5  -60.0  -60.0
 -67.6  176.9   60.0   60.0
 -67.6  176.9   60.0  180.0
 -67.6  176.9  180.0   60.0
 -67.6  176.9  180.0  180.0
 -67.6  176.9  180.0  -60.0
 -67.6  176.9  -60.0  180.0
 -67.6  176.9  -60.0  -60.0
-174.1 -178.6   60.0   60.0
-174.1 -178.6   60.0  180.0
-174.1 -178.6  180.0   60.0
-174.1 -178.6  180.0  180.0
-174.1 -178.6  180.0  -60.0
-174.1 -178.6  -60.0  180.0
-174.1 -178.6  -60.0  -60.0
  80.0  175.6   60.0   60.0
  80.0  175.6   60.0  180.0
  80.0  175.6  180.0   60.0
  80.0  175.6  180.0  180.0
  80.0  175.6  180.0  -60.0
  80.0  175.6  -60.0  180.0
  80.0  175.6  -60.0  -60.0
 -67.0  -71.7  180.0   60.0
 -67.0  -71.7  180.0  180.0
 -67.0  -71.7  180.0  -60.0
 -67.0  -71.7  -60.0  180.0
 -67.0  -71.7  -60.0  -60.0
 178.2   69.5   60.0   60.0
 178.2   69.5   60.0  180.0
 178.2   69.5  180.0   60.0
 178.2   69.5  180.0  180.0
 178.2   69.5  180.0  -60.0
 178.2   69.5  -60.0  180.0
 178.2   69.5  -60.0  -60.0
  57.1   82.8   60.0   60.0
  57.1   82.8   60.0  180.0
  57.1   82.8  180.0   60.0
  57.1   82.8  180.0  180.0
  57.1   82.8  180.0  -60.0
  57.1   82.8  -60.0  180.0
  57.1   82.8  -60.0  -60.0
 -76.9   54.2   60.0   60.0
 -76.9   54.2   60.0  180.0
 -76.9   54.2  180.0   60.0
 -76.9   54.2  180.0  180.0
 -76.9   54.2  180.0  -60.0
